id	agb_mean	agb_std	agb_min	agb_max	r2s_mean	r2s_std	r2s_min	r2s_max	cf_mean	cf_std	cf_min	cf_max	bcs_mean	bcs_std	bcs_min	bcs_max
101	0.00	0.00	0.00	0.00	0.00	0.00	0.00	0.00	0.000	0.000	0.000	0.000	0.00	0.00	0.00	0.00
201	0.00	0.00	0.00	0.00	0.00	0.00	0.00	0.00	0.000	0.000	0.000	0.000	0.00	0.00	0.00	0.00
301	0.00	0.00	0.00	0.00	0.00	0.00	0.00	0.00	0.000	0.000	0.000	0.000	0.00	0.00	0.00	0.00
401	0.00	0.00	0.00	0.00	0.00	0.00	0.00	0.00	0.000	0.000	0.000	0.000	0.00	0.00	0.00	0.00
501	0.00	0.00	0.00	0.00	0.00	0.00	0.00	0.00	0.000	0.000	0.000	0.000	0.00	0.00	0.00	0.00
102	0.00	0.00	0.00	0.00	0.00	0.00	0.00	0.00	0.000	0.000	0.000	0.000	0.00	0.00	0.00	0.00
202	0.00	0.00	0.00	0.00	0.00	0.00	0.00	0.00	0.000	0.000	0.000	0.000	0.00	0.00	0.00	0.00
302	0.00	0.00	0.00	0.00	0.00	0.00	0.00	0.00	0.000	0.000	0.000	0.000	0.00	0.00	0.00	0.00
402	0.00	0.00	0.00	0.00	0.00	0.00	0.00	0.00	0.000	0.000	0.000	0.000	0.00	0.00	0.00	0.00
502	0.00	0.00	0.00	0.00	0.00	0.00	0.00	0.00	0.000	0.000	0.000	0.000	0.00	0.00	0.00	0.00
103	245.00	17.50	210.00	280.00	0.28	0.03	0.22	0.33	0.465	0.013	0.440	0.490	0.00	0.00	0.00	0.00
203	305.00	52.50	200.00	410.00	0.28	0.00	0.27	0.28	0.465	0.013	0.440	0.490	0.00	0.00	0.00	0.00
303	245.00	17.50	210.00	280.00	0.28	0.03	0.22	0.33	0.465	0.013	0.440	0.490	0.00	0.00	0.00	0.00
403	260.00	70.00	120.00	400.00	0.37	0.00	0.37	0.37	0.465	0.013	0.440	0.490	0.00	0.00	0.00	0.00
503	145.00	42.50	60.00	230.00	0.28	0.00	0.27	0.28	0.465	0.013	0.440	0.490	0.00	0.00	0.00	0.00
104	2.70	1.01	0.68	4.73	4.00	3.00	-2.00	10.00	0.500	0.000	0.500	0.500	0.00	0.00	0.00	0.00
204	2.30	0.86	0.58	4.03	2.80	1.33	0.14	5.46	0.500	0.000	0.500	0.500	0.00	0.00	0.00	0.00
304	6.20	2.33	1.55	10.85	1.60	1.04	-0.48	3.68	0.500	0.000	0.500	0.500	0.00	0.00	0.00	0.00
404	6.20	2.33	1.55	10.85	1.60	1.04	-0.48	3.68	0.500	0.000	0.500	0.500	0.00	0.00	0.00	0.00
504	2.30	0.86	0.58	4.03	1.60	1.04	-0.48	3.68	0.500	0.000	0.500	0.500	0.00	0.00	0.00	0.00
105	170.42	0.00	170.42	170.42	0.28	0.03	0.22	0.33	0.465	0.013	0.440	0.490	0.00	0.00	0.00	0.00
205	94.68	0.00	94.68	94.68	0.28	0.00	0.27	0.28	0.465	0.013	0.440	0.490	0.00	0.00	0.00	0.00
305	132.12	0.00	132.12	132.12	0.17	0.04	0.09	0.25	0.465	0.013	0.440	0.490	0.00	0.00	0.00	0.00
405	223.40	0.00	223.40	223.40	0.37	0.00	0.37	0.37	0.465	0.013	0.440	0.490	0.00	0.00	0.00	0.00
505	100.00	35.00	30.00	170.00	0.28	0.00	0.27	0.28	0.465	0.013	0.440	0.490	0.00	0.00	0.00	0.00
106	0.00	0.00	0.00	0.00	0.00	0.00	0.00	0.00	0.000	0.000	0.000	0.000	5.00	1.88	1.25	8.75
206	0.00	0.00	0.00	0.00	0.00	0.00	0.00	0.00	0.000	0.000	0.000	0.000	5.00	1.88	1.25	8.75
306	0.00	0.00	0.00	0.00	0.00	0.00	0.00	0.00	0.000	0.000	0.000	0.000	5.00	1.88	1.25	8.75
406	0.00	0.00	0.00	0.00	0.00	0.00	0.00	0.00	0.000	0.000	0.000	0.000	5.00	1.88	1.25	8.75
506	0.00	0.00	0.00	0.00	0.00	0.00	0.00	0.00	0.000	0.000	0.000	0.000	5.00	1.88	1.25	8.75
107	2.70	1.01	0.68	4.73	2.80	2.02	-1.23	6.83	0.470	0.000	0.470	0.470	0.00	0.00	0.00	0.00
207	2.30	0.86	0.58	4.03	2.80	2.02	-1.23	6.83	0.470	0.000	0.470	0.470	0.00	0.00	0.00	0.00
307	6.20	2.33	1.55	10.85	2.80	2.02	-1.23	6.83	0.470	0.000	0.470	0.470	0.00	0.00	0.00	0.00
407	6.20	2.33	1.55	10.85	2.80	2.02	-1.23	6.83	0.470	0.000	0.470	0.470	0.00	0.00	0.00	0.00
507	2.30	0.86	0.58	4.03	2.80	2.02	-1.23	6.83	0.470	0.000	0.470	0.470	0.00	0.00	0.00	0.00
108	19.69	0.00	19.69	19.69	0.20	0.00	0.20	0.20	0.470	0.000	0.470	0.470	0.00	0.00	0.00	0.00
208	19.69	0.00	19.69	19.69	0.20	0.00	0.20	0.20	0.470	0.000	0.470	0.470	0.00	0.00	0.00	0.00
308	19.69	0.00	19.69	19.69	0.20	0.00	0.20	0.20	0.470	0.000	0.470	0.470	0.00	0.00	0.00	0.00
408	19.69	0.00	19.69	19.69	0.20	0.00	0.20	0.20	0.470	0.000	0.470	0.470	0.00	0.00	0.00	0.00
508	19.69	0.00	19.69	19.69	0.20	0.00	0.20	0.20	0.470	0.000	0.470	0.470	0.00	0.00	0.00	0.00
109	2.70	1.01	0.68	4.73	4.00	3.00	-2.00	10.00	0.470	0.000	0.470	0.470	0.00	0.00	0.00	0.00
209	2.30	0.86	0.58	4.03	2.80	1.33	0.14	5.46	0.470	0.000	0.470	0.470	0.00	0.00	0.00	0.00
309	6.20	2.33	1.55	10.85	1.60	1.04	-0.48	3.68	0.470	0.000	0.470	0.470	0.00	0.00	0.00	0.00
409	6.20	2.33	1.55	10.85	1.60	1.04	-0.48	3.68	0.470	0.000	0.470	0.470	0.00	0.00	0.00	0.00
509	2.30	0.86	0.58	4.03	1.60	1.04	-0.48	3.68	0.470	0.000	0.470	0.470	0.00	0.00	0.00	0.00
110	0.00	0.00	0.00	0.00	0.00	0.00	0.00	0.00	0.000	0.000	0.000	0.000	0.00	0.00	0.00	0.00
210	0.00	0.00	0.00	0.00	0.00	0.00	0.00	0.00	0.000	0.000	0.000	0.000	0.00	0.00	0.00	0.00
310	0.00	0.00	0.00	0.00	0.00	0.00	0.00	0.00	0.000	0.000	0.000	0.000	0.00	0.00	0.00	0.00
410	0.00	0.00	0.00	0.00	0.00	0.00	0.00	0.00	0.000	0.000	0.000	0.000	0.00	0.00	0.00	0.00
510	0.00	0.00	0.00	0.00	0.00	0.00	0.00	0.00	0.000	0.000	0.000	0.000	0.00	0.00	0.00	0.00
111	0.00	0.00	0.00	0.00	0.00	0.00	0.00	0.00	0.000	0.000	0.000	0.000	2.50	0.94	0.63	4.38
211	0.00	0.00	0.00	0.00	0.00	0.00	0.00	0.00	0.000	0.000	0.000	0.000	2.50	0.94	0.63	4.38
311	0.00	0.00	0.00	0.00	0.00	0.00	0.00	0.00	0.000	0.000	0.000	0.000	2.50	0.94	0.63	4.38
411	0.00	0.00	0.00	0.00	0.00	0.00	0.00	0.00	0.000	0.000	0.000	0.000	2.50	0.94	0.63	4.38
511	0.00	0.00	0.00	0.00	0.00	0.00	0.00	0.00	0.000	0.000	0.000	0.000	2.50	0.94	0.63	4.38